Epoch: 2
END
Label: tensor([0.2189])
END
Label: tensor([1.])
Parameter containing:
tensor([[ 9.0223e-02,  2.9778e-01],
        [-3.3768e-02,  4.0106e-01],
        [ 3.3544e-01,  4.0278e-01],
        [-5.2935e-02, -5.8183e-01],
        [-4.4349e-01, -3.5291e-01],
        [ 5.9800e-01, -3.5654e-02],
        [-9.4962e-02, -2.7587e-01],
        [-2.9688e-02,  4.7661e-01],
        [ 1.5694e-04,  3.2830e-01],
        [ 4.0494e-01, -6.8853e-01],
        [ 2.4728e-01,  7.0645e-01],
        [-3.5831e-01,  1.1489e-01],
        [ 1.5891e-02,  3.7368e-01],
        [ 1.7037e-01, -5.3108e-01],
        [-5.2818e-01,  6.0377e-01],
        [-3.0476e-01, -6.2131e-01],
        [-6.3459e-01, -6.1517e-01],
        [ 1.6143e-01,  8.1672e-02],
        [-4.1048e-01, -1.5976e-01],
        [ 1.1054e-01,  2.5760e-01],
        [ 2.8869e-01, -3.8069e-01],
        [ 6.6631e-01,  6.6055e-01],
        [-5.0216e-01,  6.5542e-01],
        [-5.7928e-01, -4.6665e-01],
        [ 1.3961e-01,  2.0738e-01],
        [ 6.2876e-01,  3.5593e-03],
        [ 4.7761e-01, -2.3552e-01],
        [-5.1526e-01, -6.8753e-02],
        [ 3.6710e-01, -2.7624e-01],
        [-5.9853e-01, -4.3073e-01],
        [ 1.2527e-01,  6.7426e-01],
        [ 3.9090e-02, -5.6985e-01],
        [-3.1656e-01,  3.5886e-01],
        [-2.2254e-01, -9.5287e-02],
        [ 5.2602e-01,  2.5973e-01],
        [ 4.3288e-01,  6.3484e-01],
        [-2.3273e-01,  1.0234e-01],
        [-5.3052e-01,  7.0282e-01],
        [-4.7399e-01,  6.7212e-01],
        [ 6.4737e-01,  1.5378e-01],
        [-6.1136e-01, -2.2790e-02],
        [-2.9140e-01,  2.1696e-01],
        [ 3.9986e-01,  3.9380e-01],
        [ 2.2708e-01, -5.4169e-01],
        [-5.9477e-01,  2.0879e-01],
        [-1.5513e-01,  3.3059e-01],
        [ 6.8725e-01,  2.1353e-01],
        [-4.2580e-01, -2.0419e-01],
        [ 4.3569e-01,  6.7151e-02],
        [ 4.8218e-01, -6.7773e-01],
        [-8.7131e-02, -3.4485e-01],
        [ 5.3734e-01,  3.0936e-01],
        [-9.4812e-02, -6.5590e-01],
        [-8.3366e-02,  5.7324e-01],
        [-1.8938e-02, -2.9286e-02],
        [-6.5391e-01,  5.5982e-01],
        [ 5.8506e-01, -5.6821e-01],
        [-5.0161e-01,  3.4262e-02],
        [-4.0461e-01, -5.7859e-01],
        [ 2.2191e-01, -1.8339e-01],
        [ 2.4510e-01,  2.8098e-01],
        [ 6.2967e-01,  4.2006e-01],
        [-6.6472e-01, -5.6985e-01],
        [ 5.6674e-01, -6.0080e-01]], requires_grad=True)
Parameter containing:
tensor([ 0.4333, -0.4310,  0.5608,  0.4008, -0.4881, -0.5846, -0.3100, -0.3232,
        -0.4013,  0.4996,  0.1684, -0.0887, -0.0513,  0.2948,  0.0724, -0.0881,
         0.6271,  0.4806,  0.0458,  0.4842, -0.1549, -0.5366,  0.4005,  0.3901,
         0.1147, -0.6033,  0.5099,  0.0472, -0.3724, -0.6238, -0.3672,  0.6563,
         0.3507, -0.3115,  0.5806,  0.6022,  0.3480, -0.0644,  0.6559, -0.1612,
        -0.2950,  0.3380, -0.2950,  0.5122, -0.3759,  0.2579, -0.5202, -0.4711,
         0.0358,  0.5573, -0.5419, -0.1897,  0.3275, -0.1266, -0.6343, -0.0081,
        -0.2516,  0.1683,  0.2910, -0.2147, -0.3623,  0.4158, -0.6092,  0.3451],
       requires_grad=True)
Parameter containing:
tensor([[ 0.2842,  0.2806],
        [-0.4933,  0.2843],
        [-0.4220,  0.3160],
        [-0.3292,  0.1557],
        [ 0.0078, -0.4889],
        [-0.6571, -0.1668],
        [ 0.4209, -0.1618],
        [-0.1829, -0.4390],
        [-0.5119, -0.0574],
        [-0.1849,  0.2531],
        [ 0.6869, -0.4862],
        [-0.2172,  0.2623],
        [-0.4772, -0.0784],
        [-0.3586,  0.4498],
        [-0.0787,  0.0581],
        [ 0.4205, -0.5008],
        [-0.3819,  0.5481],
        [ 0.2810, -0.0634],
        [ 0.7050,  0.6198],
        [-0.3058, -0.1976],
        [ 0.3065, -0.4410],
        [-0.7029, -0.3569],
        [-0.6474,  0.4471],
        [ 0.1790, -0.5950],
        [-0.0298,  0.6775],
        [-0.4134, -0.4478],
        [ 0.3040, -0.4994],
        [-0.6596,  0.4000],
        [-0.0900,  0.3748],
        [-0.1470,  0.6650],
        [-0.2918,  0.5876],
        [-0.4022, -0.2484],
        [ 0.5462,  0.3134],
        [-0.5159, -0.0703],
        [ 0.4175, -0.5477],
        [ 0.0333,  0.4331],
        [-0.5399,  0.2689],
        [-0.6836, -0.6613],
        [ 0.0156, -0.6390],
        [-0.3260,  0.4184],
        [-0.1347, -0.4729],
        [ 0.5771, -0.6909],
        [ 0.1444, -0.4627],
        [-0.3937,  0.0574],
        [ 0.6965, -0.1877],
        [-0.7024,  0.1525],
        [-0.2815, -0.4724],
        [ 0.2794,  0.2793],
        [-0.3499,  0.0462],
        [ 0.1025,  0.0522],
        [-0.1092, -0.4087],
        [ 0.3904,  0.5343],
        [ 0.5719,  0.5873],
        [-0.0343,  0.0567],
        [-0.2812, -0.1677],
        [ 0.1813,  0.0564],
        [-0.5069, -0.5060],
        [ 0.3277,  0.5394],
        [ 0.6555,  0.4320],
        [ 0.4069,  0.2963],
        [ 0.4766, -0.1813],
        [ 0.1094,  0.2854],
        [ 0.1493, -0.0610],
        [-0.3716, -0.5031]], requires_grad=True)
Parameter containing:
tensor([-0.4061,  0.0685,  0.6448, -0.2567, -0.5761, -0.6158,  0.2759,  0.2938,
        -0.3781, -0.2731,  0.5424, -0.5986,  0.4120,  0.0243, -0.3324,  0.6826,
        -0.4655,  0.6303,  0.5823,  0.2392,  0.4581,  0.1716,  0.5865,  0.1556,
        -0.7062, -0.2984,  0.1027,  0.4939, -0.2048,  0.2567,  0.2700,  0.0599,
        -0.5827,  0.6779, -0.3456,  0.1080, -0.2786,  0.1791,  0.4713,  0.1478,
        -0.3072,  0.1568, -0.5789,  0.5905,  0.3795,  0.5043,  0.1788, -0.7041,
        -0.5026, -0.6425,  0.4130,  0.6836,  0.4587, -0.2850, -0.4302, -0.4094,
         0.6617, -0.6798, -0.6915,  0.2914,  0.0669, -0.3665, -0.3952, -0.6798],
       requires_grad=True)
Parameter containing:
tensor([[ 0.0434, -0.0611,  0.0026,  0.0676, -0.1010,  0.1229, -0.0409,  0.0798,
         -0.0205,  0.0928, -0.0486, -0.0274, -0.0514,  0.0891, -0.1209,  0.0959,
          0.0043, -0.0498, -0.0197,  0.0057, -0.0296, -0.0551, -0.0068,  0.0261,
          0.0606,  0.0207,  0.1046, -0.0055,  0.1056,  0.0419, -0.0888,  0.1008,
          0.0266,  0.0889, -0.1109,  0.0133, -0.1125, -0.0248, -0.0096, -0.0767,
         -0.0785,  0.1073,  0.0566,  0.0728,  0.0228,  0.0614,  0.0119, -0.1208,
         -0.0141,  0.0793, -0.0161,  0.0359,  0.0974,  0.0734, -0.0219,  0.1018,
         -0.0357, -0.0035,  0.1008, -0.0671,  0.1238, -0.0574, -0.0637,  0.0962]],
       requires_grad=True)
USING TRAINLOADER FOR EVALUATION!