Epoch: 1
END
Label: tensor([1.])
END
Label: tensor([0.2189])
Parameter containing:
tensor([[ 9.0239e-02,  2.9775e-01],
        [-3.3768e-02,  4.0106e-01],
        [ 3.3545e-01,  4.0277e-01],
        [-5.2937e-02, -5.8192e-01],
        [-4.4349e-01, -3.5291e-01],
        [ 5.9800e-01, -3.5654e-02],
        [-9.4961e-02, -2.7585e-01],
        [-2.9691e-02,  4.7661e-01],
        [ 1.5694e-04,  3.2830e-01],
        [ 4.0493e-01, -6.8865e-01],
        [ 2.4728e-01,  7.0650e-01],
        [-3.5831e-01,  1.1489e-01],
        [ 1.5897e-02,  3.7374e-01],
        [ 1.7037e-01, -5.3120e-01],
        [-5.2818e-01,  6.0377e-01],
        [-3.0477e-01, -6.2144e-01],
        [-6.3459e-01, -6.1518e-01],
        [ 1.6144e-01,  8.1721e-02],
        [-4.1048e-01, -1.5975e-01],
        [ 1.1054e-01,  2.5758e-01],
        [ 2.8869e-01, -3.8066e-01],
        [ 6.6631e-01,  6.6055e-01],
        [-5.0216e-01,  6.5542e-01],
        [-5.7928e-01, -4.6669e-01],
        [ 1.3961e-01,  2.0738e-01],
        [ 6.2876e-01,  3.5593e-03],
        [ 4.7759e-01, -2.3566e-01],
        [-5.1526e-01, -6.8752e-02],
        [ 3.6710e-01, -2.7624e-01],
        [-5.9853e-01, -4.3073e-01],
        [ 1.2526e-01,  6.7426e-01],
        [ 3.9091e-02, -5.6998e-01],
        [-3.1656e-01,  3.5886e-01],
        [-2.2254e-01, -9.5407e-02],
        [ 5.2603e-01,  2.5987e-01],
        [ 4.3288e-01,  6.3482e-01],
        [-2.3271e-01,  1.0247e-01],
        [-5.3052e-01,  7.0284e-01],
        [-4.7398e-01,  6.7212e-01],
        [ 6.4735e-01,  1.5380e-01],
        [-6.1136e-01, -2.2790e-02],
        [-2.9141e-01,  2.1681e-01],
        [ 3.9986e-01,  3.9380e-01],
        [ 2.2709e-01, -5.4179e-01],
        [-5.9478e-01,  2.0878e-01],
        [-1.5512e-01,  3.3051e-01],
        [ 6.8725e-01,  2.1353e-01],
        [-4.2580e-01, -2.0419e-01],
        [ 4.3569e-01,  6.7151e-02],
        [ 4.8220e-01, -6.7776e-01],
        [-8.7131e-02, -3.4485e-01],
        [ 5.3734e-01,  3.0931e-01],
        [-9.4807e-02, -6.5603e-01],
        [-8.3366e-02,  5.7324e-01],
        [-1.8938e-02, -2.9286e-02],
        [-6.5391e-01,  5.5982e-01],
        [ 5.8506e-01, -5.6817e-01],
        [-5.0161e-01,  3.4262e-02],
        [-4.0461e-01, -5.7859e-01],
        [ 2.2190e-01, -1.8330e-01],
        [ 2.4510e-01,  2.8098e-01],
        [ 6.2965e-01,  4.2010e-01],
        [-6.6472e-01, -5.6985e-01],
        [ 5.6674e-01, -6.0080e-01]], requires_grad=True)
Parameter containing:
tensor([ 0.4338, -0.4310,  0.5646,  0.4024, -0.4881, -0.5846, -0.3101, -0.3232,
        -0.4013,  0.5017,  0.1700, -0.0887, -0.0510,  0.2973,  0.0724, -0.0847,
         0.6277,  0.4834,  0.0475,  0.4866, -0.1543, -0.5367,  0.4036,  0.3922,
         0.1147, -0.6033,  0.5135,  0.0489, -0.3724, -0.6238, -0.3672,  0.6603,
         0.3507, -0.3090,  0.5798,  0.6046,  0.3466, -0.0644,  0.6594, -0.1610,
        -0.2950,  0.3413, -0.2950,  0.5167, -0.3757,  0.2612, -0.5202, -0.4711,
         0.0358,  0.5574, -0.5419, -0.1877,  0.3313, -0.1266, -0.6343, -0.0081,
        -0.2507,  0.1683,  0.2910, -0.2155, -0.3623,  0.4156, -0.6092,  0.3451],
       requires_grad=True)
Parameter containing:
tensor([[ 0.2842,  0.2806],
        [-0.4933,  0.2843],
        [-0.4220,  0.3160],
        [-0.3293,  0.1557],
        [ 0.0078, -0.4889],
        [-0.6571, -0.1668],
        [ 0.4209, -0.1618],
        [-0.1829, -0.4390],
        [-0.5119, -0.0574],
        [-0.1850,  0.2531],
        [ 0.6869, -0.4862],
        [-0.2172,  0.2623],
        [-0.4772, -0.0784],
        [-0.3586,  0.4498],
        [-0.0787,  0.0581],
        [ 0.4205, -0.5009],
        [-0.3819,  0.5481],
        [ 0.2810, -0.0634],
        [ 0.7050,  0.6198],
        [-0.3058, -0.1977],
        [ 0.3065, -0.4409],
        [-0.7029, -0.3569],
        [-0.6474,  0.4471],
        [ 0.1790, -0.5950],
        [-0.0298,  0.6775],
        [-0.4134, -0.4478],
        [ 0.3039, -0.4995],
        [-0.6596,  0.4000],
        [-0.0900,  0.3748],
        [-0.1470,  0.6650],
        [-0.2918,  0.5876],
        [-0.4022, -0.2485],
        [ 0.5462,  0.3134],
        [-0.5159, -0.0704],
        [ 0.4175, -0.5476],
        [ 0.0333,  0.4331],
        [-0.5398,  0.2689],
        [-0.6836, -0.6613],
        [ 0.0156, -0.6390],
        [-0.3260,  0.4184],
        [-0.1347, -0.4729],
        [ 0.5770, -0.6910],
        [ 0.1444, -0.4627],
        [-0.3937,  0.0574],
        [ 0.6965, -0.1877],
        [-0.7024,  0.1525],
        [-0.2815, -0.4724],
        [ 0.2794,  0.2793],
        [-0.3499,  0.0462],
        [ 0.1025,  0.0522],
        [-0.1092, -0.4087],
        [ 0.3904,  0.5343],
        [ 0.5718,  0.5873],
        [-0.0343,  0.0567],
        [-0.2812, -0.1677],
        [ 0.1813,  0.0564],
        [-0.5069, -0.5060],
        [ 0.3277,  0.5394],
        [ 0.6555,  0.4320],
        [ 0.4069,  0.2964],
        [ 0.4766, -0.1813],
        [ 0.1094,  0.2854],
        [ 0.1493, -0.0610],
        [-0.3716, -0.5031]], requires_grad=True)
Parameter containing:
tensor([-0.4056,  0.0685,  0.6486, -0.2551, -0.5761, -0.6158,  0.2758,  0.2938,
        -0.3781, -0.2709,  0.5439, -0.5986,  0.4123,  0.0268, -0.3324,  0.6861,
        -0.4649,  0.6331,  0.5840,  0.2416,  0.4587,  0.1716,  0.5896,  0.1577,
        -0.7062, -0.2984,  0.1063,  0.4956, -0.2048,  0.2567,  0.2700,  0.0638,
        -0.5827,  0.6804, -0.3464,  0.1105, -0.2799,  0.1791,  0.4748,  0.1480,
        -0.3072,  0.1601, -0.5789,  0.5950,  0.3797,  0.5075,  0.1788, -0.7041,
        -0.5026, -0.6423,  0.4130,  0.6856,  0.4626, -0.2850, -0.4302, -0.4094,
         0.6626, -0.6798, -0.6915,  0.2907,  0.0669, -0.3667, -0.3952, -0.6798],
       requires_grad=True)
Parameter containing:
tensor([[ 0.0435, -0.0611,  0.0174,  0.0711, -0.1010,  0.1229, -0.0407,  0.0798,
         -0.0205,  0.0976, -0.0389, -0.0274, -0.0464,  0.0952, -0.1209,  0.1070,
          0.0071, -0.0326, -0.0105,  0.0160, -0.0249, -0.0550,  0.0087,  0.0353,
          0.0606,  0.0207,  0.1156,  0.0025,  0.1056,  0.0419, -0.0888,  0.1138,
          0.0265,  0.0954, -0.1084,  0.0225, -0.1123, -0.0234,  0.0050, -0.0766,
         -0.0785,  0.1161,  0.0566,  0.0893,  0.0230,  0.0719,  0.0120, -0.1208,
         -0.0141,  0.0795, -0.0160,  0.0426,  0.1096,  0.0734, -0.0219,  0.1018,
         -0.0289, -0.0035,  0.1008, -0.0664,  0.1238, -0.0575, -0.0637,  0.0962]],
       requires_grad=True)